Fabricio Werdum: -291	-145	-1258	-719	-619	-340	-298	-199
Alexander Volkov: 276	563	719	1258	426	799	298	397

Jimi Manuwa: -168	-51	-772	-441	-376	-186	-191	-113
Jan Blachowicz: 152	349	441	772	252	495	191	270

Tom Dequesnoy: -489	-245	-1491	-852	-867	-473	-409	-273
Terrion Ware: 469	954	852	1491	614	1156	409	545

Leon Edwards: -174	-77	-383	-219	-257	-133	-166	-106
Peter Sobotta: 132	305	219	383	166	336	166	226

John Phillips: -168	-84	-315	-180	-208	-110	-132	-88
Charles Byrd: 72	216	180	315	101	243	132	176

Danny Roberts: -250	-88	-315	-180	-265	-108	-235	-140
Oliver Enkamp: 232	515	180	315	220	471	235	330

Danny Henry: 17	133	360	630	111	270	86	126
Hakeem Dawodu: -117	-35	-360	-630	-184	-198	-86	-47

Paul Craig: 188	457	93	163	165	386	190	294
Magomed Ankalaev: -201	-30	-93	-163	-175	-62	-190	-86

Stevie Ray: -212	-106	-140	-80	-196	-100	-217	-145
Kajan Johnson: 170	371	80	140	150	320	217	290

Mark Godbeer: 52	228	-58	-33	26	166	59	139
Dmitry Sosnovskiy: -52	98	33	58	-32	89	-59	21

Nasrat Haqparast: -233	-116	-700	-400	-558	-314	-300	-200
Nad Narimani: 233	466	400	700	349	629	300	400



Khabib Nurmagomedov: -900	-450	-370	-211	-738	-484	-600	-400
Al Iaquinta: 900	1800	211	370	738	1246	600	800

Rose Namajunas: 84	264	-70	-40	47	191	98	179
Joanna Jedrzejczyk: -84	54	40	70	-47	63	-98	-18

Renato Moicano: 23	139	101	101	74	164	51	95
Calvin Kattar: -66	28	-177	-101	-107	-34	-51	-7

Zabit Magomedsharipov: -669	-334	-662	-378	-741	-494	-518	-346
Kyle Bochniak: 669	1338	378	662	741	1236	518	691

Karolina Kowalkiewicz: -133	-14	-198	-113	-153	-49	-150	-77
Felice Herrig: 105	283	113	198	128	283	150	223

Joe Lauzon: -97	21	-152	-87	-122	-30	-120	-49
Chris Gruetzemacher: 69	228	87	152	101	226	120	191

Evan Dunham: -144	-20	-175	-100	-158	-50	-163	-86
Olivier Aubin-Mercier: 118	307	100	175	135	300	163	240

Bec Rawlings: 297	622	76	76	279	553	273	376
Ashlee Evans-Smith: -297	-119	-133	-76	-279	-131	-273	-169

Devin Clark: -187	-93	74	74	-119	-43	-150	-100
Mike Rodriguez: 89	251	-129	-74	39	172	150	200



Dustin Poirier: -25	106	44	44	1	107	-10	54
Justin Gaethje: 11	151	-78	-44	-12	102	10	74

Carlos Condit: 109	286	71	71	123	265	130	203
Alex Oliviera: -130	-14	-125	-71	-140	-46	-130	-57

Israel Adesanya: -202	-72	-329	-188	-271	-174	-232	-142
Marvin Vettori: 183	409	188	329	257	425	232	323

Michelle Waterson: -109	30	-74	-42	-108	-3	-53	7
Cortney Casey: 54	234	42	74	67	204	53	113

Tim Boetsch: 170	393	93	93	184	357	187	280
Antonio Carlos Junior: -170	-31	-163	-93	-184	-78	-187	-94

Muslim Salikhov: -157	-78	-403	-230	-284	-229	-140	-93
Ricky Rainey: 83	221	230	403	233	329	140	187

Wilson Reis: -105	-18	45	45	-51	15	-92	-46
John Moraga: 58	185	-79	-45	15	111	92	138

Krzysztof Jotko: 43	177	104	104	92	196	69	122
Brad Tavares: -93	7	-182	-104	-131	-53	-69	-15

Gilbert Burns: -252	-77	-672	-384	-431	-301	-226	-123
Dan Moret: 230	525	384	672	415	635	226	329

Shana Dobson: -31	80	77	77	40	116	9	52
Lauren Mueller: -40	69	-135	-77	-88	-13	-9	33

Dhiego Lima: 92	280	62	62	108	249	134	214
Yushin Okami: -129	3	-109	-62	-135	-36	-134	-55

Arjan Singh Bhullar: -276	-107	-413	-236	-365	-243	-217	-127
Adam Wieczorek: 259	562	236	413	352	570	217	307

Matthew Lopez: -15	145	-121	-69	-56	63	-5	77
Alejandro Perez: 15	183	69	121	56	181	5	87

Luke Sanders: -215	-71	-655	-374	-413	-309	-196	-114
Patrick Williams: 179	421	374	655	387	563	196	277

Edson Barboza: 110	276	52	52	114	243	136	205
Kevin Lee: -130	-24	-91	-52	-130	-48	-136	-67



Frankie Edgar: -204	-75	-288	-164	-251	-152	-240	-148
Cub Swanson: 204	434	164	288	251	429	240	332

Justin Willis: -102	5	-394	-225	-262	-192	-71	-17
Chase Sherman: 29	170	225	394	215	307	71	125

David Branch: -26	89	66	66	31	112	4	56
Thiago Santos: -25	90	-116	-66	-67	14	-4	48

Aljamain Sterling: -188	-77	40	40	-89	-16	-201	-127
Brett Johns: 167	367	-71	-40	76	207	201	276

Jim Miller: 192	428	80	80	194	364	253	347
Dan Hooker: -222	-89	-140	-80	-216	-120	-253	-159

Ryan LaFlare: -174	-87	-197	-112	-213	-158	-179	-119
Alex Garcia: 126	288	112	197	183	286	179	238

Siyar Bahadurzada: -18	101	-219	-125	-135	-63	-20	35
Luan Chagas: -9	111	125	219	118	191	20	76

Corey Anderson: -191	-95	-98	-56	-176	-109	-217	-145
Patrick Cummins: 167	352	56	98	159	289	217	290

Tony Martin: -58	67	-167	-95	-131	-58	-32	21
Keita Nakamura: -15	120	95	167	88	168	32	85

Merab Dvalishvili: 57	218	86	86	133	217	120	180
Ricky Simon: -137	-23	-150	-86	-175	-116	-120	-60



Amanda Nunes: -232	-161	-637	-364	-422	-371	-374	-250
Raquel Pennington: 456	646	364	637	583	720	374	499

Jacare Souza: -135	-59	-110	-63	-141	-84	-175	-102
Kelvin Gastelum: 227	381	63	110	209	324	175	249

Mackenzie Dern: -109	-17	-366	-209	-251	-190	-173	-83
Amanda Cooper: 199	351	209	366	310	410	173	263

John Lineker: -272	-177	-570	-326	-430	-362	-334	-222
Brian Kelleher: 468	708	326	570	569	739	334	445

Vitor Belfort: -38	193	68	68	18	187	89	181
Lyoto Machida: 84	347	-118	-68	15	207	-89	3

Cezar Ferreira: -93	7	74	74	23	81	-122	-48
Karl Roberson: 135	286	-129	-74	2	90	122	195

Aleksei Oleinik: -146	-95	-159	-91	-172	-137	-194	-129
Junior Albini: 201	330	91	159	210	298	194	259

Davi Ramos: -63	11	90	90	60	102	-64	-15
Nick Hein: 25	140	-158	-90	-82	-15	64	113

Elizeu Zaleski dos Santos: 44	134	62	62	93	144	62	95
Sean Strickland: -75	-21	-109	-62	-111	-80	-62	-29

Warlley Alves: -144	-92	-515	-294	-404	-374	-166	-110
Sultan Aliev: 113	252	294	515	386	464	166	221

Thales Leites: -98	-24	50	50	-10	35	-95	-43
Jack Hermansson: 46	169	-87	-50	-22	52	95	147

Alberto Mina: 215	467	80	80	208	350	178	253
Ramazan Emeev: -225	-89	-140	-80	-214	-138	-178	-103

Markus Perez: -152	-99	-644	-368	-532	-505	-205	-137
James Bochnovic: 193	332	368	644	553	623	205	274



Demian Maia: 320	643	266	466	384	647	180	311
Kamaru Usman: -198	11	-466	-266	-285	-115	-180	-49

Alexa Grasso: 356	910	202	353	395	804	127	274
Tatiana Suarez: -265	139	-353	-202	-328	-29	-127	20

Jared Cannonier: 226	430	136	239	259	405	222	328
Dominick Reyes: -156	-40	-239	-136	-209	-125	-222	-117

Diego Rivas: -176	-67	-644	-368	-402	-325	-235	-140
Guido Cannetti: 225	436	368	644	436	583	235	330

Veronica Macedo: 283	480	372	651	527	650	264	353
Andrea Lee: -202	-120	-651	-372	-477	-425	-264	-176

Vicente Luque: -113	9	-353	-202	-249	-170	-126	-42
Chad Laprise: 108	288	202	353	246	363	126	209

Zak Cummings: 47	197	52	91	70	178	38	120
Michel Prazeres: -27	108	-91	-52	-56	41	-38	44

Brandon Moreno: -150	-94	-159	-91	-170	-127	-183	-122
Alexandre Pantoja: 155	294	91	159	173	277	183	244

Poliana Botelho: -104	11	-173	-99	-176	-118	-91	-30
Syuri Kondo: 45	201	99	173	147	224	91	152

Gabriel Benitez: -118	-66	53	93	3	30	-96	-64
Humberto Bandenay: 71	174	-93	-53	-27	26	96	128

Enrique Barzola: -314	-173	-651	-372	-609	-536	-234	-156
Brandon Davis: 318	622	372	651	611	770	234	312

Henry Briones: 242	494	368	644	526	673	183	266
Frankie Saenz: -216	-79	-644	-368	-511	-431	-183	-100

Claudio Puelles: 313	620	396	693	652	805	228	304
Felipe Silva: -323	-179	-693	-396	-657	-585	-228	-152



Stephen Thompson: -156	-82	-170	-97	-178	-124	-241	-151
Darren Till: 259	414	97	170	255	370	241	331

Neil Magny: -342	-219	-681	-389	-552	-470	-408	-272
Craig White: 563	878	389	681	699	910	408	544

Arnold Allen: -158	-94	-681	-389	-542	-509	-184	-123
Mads Burnell: 173	327	389	681	550	632	184	245

Jason Knight: -140	-83	-117	-67	-151	-117	-162	-108
Makwan Amirkhani: 116	253	67	117	136	220	162	216

Claudio Silva: 16	217	230	230	280	386	-41	36
Nordine Taleb: -37	150	-402	-230	-291	-192	41	118

Eric Spicely: -144	-26	-639	-365	-506	-444	-181	-93
Darren Stewart: 171	369	365	639	521	625	181	268

Daniel Kelly: 97	290	212	212	302	404	58	118
Tom Breese: -111	26	-372	-212	-310	-237	-58	2

Gina Mazany: -106	-16	107	107	61	111	-147	-69
Lina Lansberg: 144	289	-188	-107	-40	41	147	224

Bradley Scott: -52	18	130	130	182	209	0	21
Carlo Pedersoli: -47	18	-228	-130	-220	-195	0	21

Gillian Robertson: 199	414	333	333	543	641	245	327
Molly McCann: -229	-132	-583	-333	-557	-512	-245	-164

Elias Theodorou: -360	-160	-660	-377	-616	-504	-345	-202
Trevor Smith: 484	885	377	660	686	910	345	488



Jimmie Rivera: -142	-63	-116	-66	-149	-94	-219	-133
Marlon Moraes: 238	396	66	116	217	328	219	305

Gregor Gillespie: -711	-447	-661	-378	-796	-627	-528	-352
Vinc Pichel: 1120	1789	378	661	1057	1484	528	705

Walt Harris: -314	-184	-297	-170	-356	-275	-330	-220
Daniel Spitz: 408	708	170	297	414	601	330	439

Jake Ellenberger: -128	-40	-130	-74	-152	-99	-200	-117
Ben Saunders: 187	348	74	130	187	283	200	283

Julio Arce: -185	-3	-573	-327	-463	-361	-191	-81
Daniel Teymur: 253	539	327	573	501	662	191	302

Gian Villante: 258	587	84	246	238	426	83	155
Sam Alvey: -272	-79	-147	-84	-246	-136	-83	-10

Sijara Eubanks: -77	52	-268	-153	-222	-154	-80	-2
Lauren Murphy: 36	208	153	268	201	291	80	159

Nik Lentz: 707	1328	148	259	559	908	370	532
David Teymur: -561	-248	-259	-148	-478	-302	-370	-209

Belal Muhammad: -440	-246	-665	-380	-682	-579	-417	-278
Chance Rencountre: 552	986	380	665	740	970	417	556

Desmond Green: -340	-110	-359	-205	-420	-296	-276	-142
Gleison Tibau: 394	806	205	359	449	671	276	409

Jessica Aguilar: -194	-109	-406	-232	-407	-369	-220	-147
Jodie Esquibel: 175	361	232	406	399	482	220	293

Johnny Eduardo: 609	1053	310	543	688	922	337	449
Nathaniel Wood: -452	-263	-543	-310	-605	-506	-337	-224

Jarred Brooks: 506	955	123	215	410	641	231	349
Jose Torres: -365	-123	-215	-123	-337	-213	-231	-113



Robert Whittaker: -128	-58	-362	-207	-185	-125	-197	-115
Yoel Romero: 216	360	207	362	260	383	197	279

Rafael Dos Anjos: -51	51	-179	-102	-84	2	-108	-23
Colby Covington: 144	271	102	179	161	269	108	192

Holly Holm: -198	-74	-168	-96	-206	-103	-215	-109
Megan Anderson: 401	624	96	168	372	556	215	321

Andrei Arlovski: 255	444	135	135	269	425	174	261
Tai Tuivasa: -154	-53	-236	-135	-187	-104	-174	-87

CM Punk: 868	1303	0	0	650	976	376	501
Mike Jackson: -501	-344	0	0	-375	-257	-376	-251

Alistair Overeem: -15	106	-76	-43	-30	71	-18	56
Curtis Blaydes: 17	148	43	76	32	142	18	92

Claudia Gadelha: -291	-214	-683	-390	-403	-339	-343	-229
Carla Esparza: 600	817	390	683	662	843	343	458

Ricardo Lamas: 4	131	92	92	53	153	31	91
Mirsad Bektic: -38	75	-161	-92	-81	8	-31	29

Rashad Coulter: -164	-102	-658	-376	-401	-358	-240	-160
Chris De La Rocha: 219	372	376	658	439	546	240	319

Rashad Evans: 196	328	280	280	316	417	179	249
Anthony Smith: -118	-53	-489	-280	-257	-207	-179	-109

Joseph Benavidez: -342	-244	-653	-373	-443	-362	-389	-255
Sergio Pettis: 747	1019	373	653	779	1004	389	522

Clay Guida: 191	353	89	89	198	321	173	272
Charles Oliveira: -107	-1	-156	-89	-135	-55	-173	-73

Mike Santiago: -56	8	262	262	198	239	-9	12
Dan Ige: -39	31	-458	-262	-259	-214	9	31



Donald Cerrone: 119	299	-88	-50	2	95	109	202
Leon Edwards: -76	59	50	88	21	91	-109	-17

Ovince Saint Preux: 66	196	69	69	122	185	50	120
Tyson Pedro: -31	78	-121	-69	-105	-52	-50	20

Jessica-Rose Clark: -171	-98	-222	-127	-254	-222	-236	-157
Jessica Eye: 226	395	127	222	278	351	236	314

Li Jingliang: -59	44	-666	-380	-585	-542	-83	-21
Daichi Abe: 76	211	380	666	592	647	83	145

Teruto Ishihara: 116	309	368	368	548	638	137	230
Petr Yan: -121	13	-645	-368	-551	-489	-137	-45

Felipe Arantes: -50	44	-205	-117	-200	-164	-44	3
Song Yadong: 12	120	117	205	186	227	44	91

Rolando Dy: -133	-75	280	280	410	431	-114	-76
Shane Young: 35	146	-489	-280	-444	-406	114	152

Song Kenan: -181	-100	-506	-289	-573	-550	-229	-152
Hector Aldana: 170	343	289	506	570	618	229	305

Shinsho Anzai: 106	315	386	386	667	740	129	221
Jake Matthews: -138	7	-676	-386	-678	-628	-129	-38

Viviane Pereira: -24	71	-296	-169	-287	-255	27	68
Yan Xiaonan: -47	46	169	296	263	295	-27	14

Matt Schnell: 56	175	157	157	282	321	50	100
Naoki Inoue: -45	50	-275	-157	-278	-247	-50	0

Jenel Lausa: 261	510	386	386	744	822	306	408
Ulka Sasaki: -255	-140	-676	-386	-742	-706	-306	-204

Ji Yeon Kim: 0	0	-679	-388	0	0	0	0
Melinda Fabian: 0	0	388	679	0	0	0	0



Stipe Miocic: -98	-39	-113	-64	-105	-52	-139	-75
Daniel Cormier: 142	257	64	113	145	247	139	203

Francis Ngannou: -271	-161	-262	-150	-287	-195	-341	-227
Derrick Lewis: 386	647	150	262	384	604	341	454

Paul Felder: -185	-69	-461	-264	-268	-172	-269	-161
Mike Perry: 259	480	264	461	329	511	269	376

Mike Chiesa: -35	85	-142	-81	-59	43	-48	21
Anthony Pettis: 49	189	81	142	72	191	48	118

Gohkan Saki: -97	-11	-210	-120	-138	-70	-138	-70
Khalil Rountree Jr.: 98	237	120	210	139	250	138	205

Uriah Hall: 281	479	293	293	365	526	291	388
Paulo Costa: -203	-119	-513	-293	-302	-234	-291	-194

Raphael Assuncao: -132	-18	-338	-193	-200	-107	-176	-83
Rob Font: 183	371	193	338	240	393	176	269

Curtis Millender: -326	-193	-373	-213	-381	-283	-339	-226
Max Griffin: 454	772	213	373	475	708	339	452

Dan Hooker: -595	-283	-86	-49	-460	-237	-268	-150
Gilbert Burns: 808	1457	49	86	612	1076	268	387

Lando Vannata: 37	213	-225	-128	-47	88	33	122
Drakkar Klose: -20	142	128	225	59	184	-33	56

Jamie Moyle: -270	-149	-543	-310	-420	-335	-333	-222
Emily Whitmire: 296	561	310	543	438	625	333	444



Junior Dos Santos: -34	116	-152	-87	-86	22	-48	40
Blagoy Ivanov: 64	234	87	152	108	230	48	137

Sage Northcutt: -88	66	-144	-82	-122	-13	-74	8
Zak Ottow: 102	301	82	144	132	274	74	157

Dennis Bermudez: -179	-112	-340	-194	-272	-226	-261	-174
Rick Glenn: 281	448	194	340	343	460	261	348

Randy Brown: -437	-208	115	115	-171	-26	-226	-137
Niko Price: 457	918	-201	-115	184	476	226	315

Myles Jury: -19	383	84	84	54	329	109	244
Chad Mendes: 95	522	-148	-84	-2	290	-109	26

Cat Zingano: 317	715	41	41	250	523	95	193
Marion Reneau: -272	-23	-72	-41	-220	-48	-95	2

Eddie Wineland: 477	974	194	194	481	788	219	321
Alejandro Perez: -455	-195	-340	-194	-467	-306	-219	-117

Darren Elkins: -179	193	-93	-53	-164	85	-80	54
Alexander Volkanovski: 270	758	53	93	225	552	80	214

Justin Scoggins: 472	928	181	181	466	759	231	334
Said Nurmagomedov: -421	-188	-317	-181	-432	-283	-231	-129

Kurt Holobaugh: 447	786	-186	-106	139	331	203	271
Raoni Barcelos: -370	-233	106	186	-95	-17	-203	-135

Liz Carmouche: -139	-80	115	115	44	77	-138	-92
Jennifer Maia: 60	188	-201	-115	-89	-15	138	185

Mark De La Rosa: -174	-96	72	72	-3	37	-139	-93
Elias Garcia: 68	213	-126	-72	-52	24	139	186

Jessica Aguilar: -479	-128	-317	-181	-468	-267	-185	-60
Jodie Esquibel: 500	1089	181	317	480	818	185	310



Shogun Rua: 215	541	85	85	214	453	66	161
Anthony Smith: -183	45	-149	-85	-191	-24	-66	29

Glover Teixeira: -132	-42	-600	-343	-309	-241	-166	-89
Corey Anderson: 141	305	343	600	316	440	166	244

Vitor Miranda: 498	961	118	118	417	692	281	375
Abu Azaitar: -471	-258	-207	-118	-400	-274	-281	-187

Marcin Tybura: -225	-103	-563	-322	-378	-288	-262	-151
Stefan Struve: 352	598	322	563	472	652	262	374

Danny Roberts: -331	-184	-177	-101	-289	-222	-422	-281
David Zawada: 410	738	101	177	325	473	422	563

Nasrat Haqparast: 217	453	302	302	398	555	155	258
Marc Diakiese: -145	8	-529	-302	-349	-247	-155	-51

Nick Hein: -31	72	-500	-286	-366	-313	-9	47
Damir Hadzovic: 18	138	286	500	359	421	9	65

Emil Meek: -200	-72	-323	-184	-286	-199	-219	-119
Bartosz Fabinski: 282	522	184	323	341	503	219	319

Khalid Taha: 74	191	322	322	467	521	123	164
Nad Narimani: -131	-74	-563	-322	-494	-467	-123	-82

Justin Ledet: -288	-169	-265	-151	-330	-267	-296	-197
Alexsandar Rakic: 324	596	151	265	349	494	296	395

Davey Grant: 1	82	380	380	446	489	57	76
Manny Bermudez: -104	-59	-665	-380	-500	-477	-57	-38

Jeremy Kimball: 147	384	322	322	490	603	150	260
Darko Stosic: -136	25	-563	-322	-485	-407	-150	-40

Damian Stasiak: 50	183	42	42	81	140	110	165
Pingyuan Liu: -103	-13	-74	-42	-105	-65	-110	-54




Eddie Alvarez: 34	147	116	116	66	165	29	79
Dustin Poirier: -41	41	-203	-116	-72	0	-29	22

Jose Aldo: -209	-77	-120	-68	-205	-90	-264	-149
Jeremy Stephens: 331	581	68	120	311	528	264	380

Joanna Jedrzejczyk: -676	-443	-592	-338	-698	-493	-525	-350
Tecia Torres: 1180	1771	338	592	1139	1656	525	700

Alexander Hernandez: -118	11	131	131	-41	66	-95	-13
Olivier Aubin-Mercier: 165	359	-229	-131	80	241	95	177

Jordan Mein: -44	61	-163	-93	-98	-23	-47	16
Alex Morono: 32	155	93	163	89	177	47	109

Hakeem Dawodu: -211	-65	-636	-363	-390	-282	-286	-156
Austin Arnett: 300	564	363	636	456	653	286	415

Kajan Johnson: 265	503	320	320	371	561	273	393
Islam Makhachev: -186	-53	-560	-320	-307	-201	-273	-153

Gadzhimurad Antigulov: -13	161	-229	-131	-94	35	-46	58
Ion Cutelaba: 36	220	131	229	111	248	46	150

John Makdessi: 8	167	-261	-149	-74	52	-9	74
Ross Pearson: 6	165	149	261	85	210	9	92

Alex Davis: -40	130	76	76	12	143	-44	53
Katlyn Chookagian: 24	214	-133	-76	-24	123	44	140

Dustin Ortiz: 79	259	72	72	108	237	87	187
Matheus Nicolau: -57	91	-126	-72	-92	13	-87	13

Randa Markos: 120	331	-120	-68	58	224	116	234
Nina Ansaroff: -66	109	68	120	-15	122	-116	1

Devin Powell: -98	-56	-560	-320	-414	-391	-34	-23
Alvaro Herrera: -36	30	320	560	340	376	34	45



TJ Dillashaw: -297	-192	-122	-70	-277	-189	-255	-162
Cody Garbrandt: 566	835	70	122	502	727	255	347

Demetrious Johnson: -850	-590	-662	-378	-866	-651	-622	-415
Henry Cejudo: 1667	2362	378	662	1545	2122	622	829

Cub Swanson: 31	215	72	72	60	208	29	127
Renato Moicano: -20	154	-125	-72	-51	90	-29	70

Polyana Viana: -274	-83	-286	-163	-314	-178	-178	-81
JJ Aldrich: 317	655	163	286	344	583	178	274

Thiago Santos: -217	-136	-666	-380	-394	-333	-331	-204
Kevin Holland: 512	695	380	666	618	757	331	458

Pedro Munhoz: -111	-33	-286	-163	-186	-127	-162	-83
Brett Johns: 180	318	163	286	237	340	162	241

Ricky Simon: -48	38	-297	-170	-185	-130	-51	-3
Montel Jackson: 26	133	170	297	171	239	51	98

Ricardo Ramos: -135	-38	-286	-163	-218	-151	-205	-109
Kyung Ho Kang: 225	397	163	286	281	401	205	300

Matt Sayles: -85	-2	120	120	61	113	-101	-45
Sheymon Moraes: 65	189	-210	-120	-73	4	101	156

Alex Perez: 160	397	-74	-42	69	225	74	178
Jose Torres: -91	91	42	74	-24	96	-74	31

Danielle Taylor: 187	331	163	163	268	359	199	266
Weili Zhang: -154	-95	-286	-163	-248	-210	-199	-133

Marlon Vera: -253	-107	-691	-395	-514	-420	-280	-164
Wuliji Buren: 346	632	395	691	574	758	280	397



Dillashaw: -278	-178	0	0	-278	-178	-255	-162
Garbrandt: 526	779	0	0	526	779	255	347

Johnson: -804	-560	0	0	-804	-560	-622	-415
Cejudo: 1586	2240	0	0	1586	2240	622	829

Swanson: 31	215	0	0	31	215	29	127
Moicano: -20	154	0	0	-20	154	-29	70

Viana: -258	-74	0	0	-258	-74	-178	-81
Aldrich: 298	621	0	0	298	621	178	274

Santos: -217	-136	0	0	-217	-136	-331	-204
Holland: 512	695	0	0	512	695	331	458

Munhoz: -111	-33	0	0	-111	-33	-162	-83
Johns: 180	318	0	0	180	318	162	241

Simon: -90	-26	0	0	-90	-26	-119	-64
Jackson: 105	216	0	0	105	216	119	175

Sayles: -85	-2	0	0	-85	-2	-101	-45
Moraes: 65	189	0	0	65	189	101	156

Perez: 160	397	0	0	160	397	74	178
Torres: -91	91	0	0	-91	91	-74	31

Ramos: -135	-38	0	0	-135	-38	-205	-109
Ho Kang: 225	397	0	0	225	397	205	300

Taylor: 187	331	0	0	187	331	199	266
Zhang: -154	-95	0	0	-154	-95	-199	-133

Vera: -253	-107	0	0	-253	-107	-280	-164
Buren: 346	632	0	0	346	632	280	397

Werdum: -200	-145	0	0	-200	-145	-298	-199
Volkov: 400	563	0	0	400	563	298	397

Manuwa: -116	-51	0	0	-116	-51	-191	-113
Blachowicz: 230	349	0	0	230	349	191	270

Duquesnoy: -306	-245	0	0	-306	-245	-409	-273
Ware: 758	954	0	0	758	954	409	545

Edwards: -107	-77	0	0	-107	-77	-166	-106
Sobatta: 221	305	0	0	221	305	166	226

Phillips: -134	-84	0	0	-134	-84	-132	-88
Byrd: 82	216	0	0	82	216	132	176

Roberts: -165	-88	0	0	-165	-88	-235	-140
Enkamp: 349	515	0	0	349	515	235	330

Henry: 24	133	0	0	24	133	86	126
Dawudo: -91	-34	0	0	-91	-34	-86	-47

Craig: 250	457	0	0	250	457	190	294
Ankalaev: -153	-30	0	0	-153	-30	-190	-86

Ray: -163	-106	0	0	-163	-106	-217	-145
Johnson: 211	371	0	0	211	371	217	290

Godbeer: 87	228	0	0	87	228	59	139
Sosnovskiy: -28	98	0	0	-28	98	-59	21

Namajunas: 94	259	0	0	94	259	90	176
Jedrzejczyk: -57	75	0	0	-57	75	-90	-5

Moicano: -21	66	0	0	-21	66	0	36
Kattar: -24	66	0	0	-24	66	0	36

Kowalkiewicz: -129	-46	0	0	-129	-46	-172	-100
Herrig: 156	310	0	0	156	310	172	245

Lauzon: -115	-24	0	0	-115	-24	-163	-89
Gruetzemacher: 125	277	0	0	125	277	163	237

Dunham: -96	13	0	0	-96	13	-115	-46
Aubin-Mercier: 95	252	0	0	95	252	115	185

Rawlings: 448	723	0	0	448	723	334	446
Evans-Smith: -290	-181	0	0	-290	-181	-334	-223

Clark: -153	-96	0	0	-153	-96	-150	-100
Rodriquez: 113	245	0	0	113	245	150	200

Magomedsharipov: -581	-353	0	0	-581	-353	-528	-352
Bochniak: 854	1413	0	0	854	1413	528	704

Nurmagomedov: 23	675	0	0	23	675	0	200
Iaquinta: 23	675	0	0	23	675	0	200

Poirier: -11	106	0	0	-11	106	-10	54
Gaethje: 28	151	0	0	28	151	10	74

Condit: 146	286	0	0	146	286	130	203
Oliviera: -96	-13	0	0	-96	-13	-130	-57

Adesanya: -139	-72	0	0	-139	-72	-232	-142
Vettori: 266	409	0	0	266	409	232	323

Waterson: -70	30	0	0	-70	30	-53	7
Casey: 90	234	0	0	90	234	53	113

Boetsch: 208	393	0	0	208	393	187	280
Carlos Jr: -139	-31	0	0	-139	-31	-187	-94

Salikhov: -122	-78	0	0	-122	-78	-140	-93
Rainey: 113	221	0	0	113	221	140	187

Reis: -89	-18	0	0	-89	-18	-92	-46
Moraga: 65	185	0	0	65	185	92	138

Jotko: 73	177	0	0	73	177	69	122
Tavares: -64	7	0	0	-64	7	-69	-15

Burns: -179	-77	0	0	-179	-77	-226	-123
Moret: 329	525	0	0	329	525	226	329

Dobson: -25	80	0	0	-25	80	9	52
Mueller: -30	69	0	0	-30	69	-9	33

Lima: 131	280	0	0	131	280	134	214
Okami: -90	4	0	0	-90	4	-134	-55

Bhullar: -249	-107	0	0	-249	-107	-217	-127
Wieczorek: 284	562	0	0	284	562	217	307

Lopez: -7	145	0	0	-7	145	-5	77
Perez: 26	183	0	0	26	183	5	87

Sanders: -163	-71	0	0	-163	-71	-196	-114
Williams: 238	421	0	0	238	421	196	277

Barboza: 165	276	0	0	165	276	136	205
Lee: -88	-23	0	0	-88	-23	-136	-67

Edgar: -140	-75	0	0	-140	-75	-240	-148
Swanson: 292	434	0	0	292	434	240	332

Willis: -79	5	0	0	-79	5	-71	-17
Sherman: 38	170	0	0	38	170	71	125

Branch: -15	89	0	0	-15	89	4	56
Santos: -16	90	0	0	-16	90	-4	48

Sterling: -137	-77	0	0	-137	-77	-201	-127
Johns: 229	367	0	0	229	367	201	276

Miller: 246	428	0	0	246	428	253	347
Hooker: -172	-89	0	0	-172	-89	-253	-159

LaFlare: -139	-87	0	0	-139	-87	-179	-119
Garcia: 160	288	0	0	160	288	179	238

Bahadurzada: -13	101	0	0	-13	101	-20	35
Chagas: -4	111	0	0	-4	111	20	76

Anderson: -158	-95	0	0	-158	-95	-217	-145
Cummins: 203	352	0	0	203	352	217	290

Dvalishvili: 72	218	0	0	72	218	120	180
Simon: -117	-23	0	0	-117	-23	-120	-60

Martin: -42	67	0	0	-42	67	-32	21
Nakamura: -6	120	0	0	-6	120	32	85

Test: 510	1155	0	0	510	1155	79	224
Second: -414	-1	0	0	-414	-1	-79	66

Nunes: -279	-188	0	0	-279	-188	-395	-263
Pennington: 521	752	0	0	521	752	395	527

Souza: -136	-63	0	0	-136	-63	-185	-110
Gastelum: 239	388	0	0	239	388	185	261

Dern: -185	-63	0	0	-185	-63	-219	-118
Cooper: 289	508	0	0	289	508	219	321

Lineker: -250	-169	0	0	-250	-169	-320	-214
Kelleher: 467	678	0	0	467	678	320	427

Belfort: -3	212	0	0	-3	212	94	183
Machida: 45	272	0	0	45	272	-94	-6

Ferreira: -92	1	0	0	-92	1	-124	-52
Roberson: 143	287	0	0	143	287	124	196

Oleinik: -139	-93	0	0	-139	-93	-190	-127
Albini: 207	328	0	0	207	328	190	254

Ramos: -66	4	0	0	-66	4	-70	-21
Hein: 36	152	0	0	36	152	70	120

Zaleski dos Santos: 44	134	0	0	44	134	62	95
Strickland: -75	-21	0	0	-75	-21	-62	-29

Alves: -144	-92	0	0	-144	-92	-166	-110
Aliev: 113	252	0	0	113	252	166	221

Leites: -71	6	0	0	-71	6	-72	-20
Hermansson: 29	146	0	0	29	146	72	124

Mina: 215	467	0	0	215	467	178	253
Emeev: -225	-89	0	0	-225	-89	-178	-103

Perez: -152	-99	0	0	-152	-99	-205	-137
Bochnovic: 193	332	0	0	193	332	205	274

Maia: 320	643	0	0	320	643	180	311
Usman: -198	11	0	0	-198	11	-180	-49

Grasso: 312	830	0	0	312	830	127	274
Suarez: -229	159	0	0	-229	159	-127	20

Cannonier: 226	430	0	0	226	430	222	328
Reyes: -156	-40	0	0	-156	-40	-222	-117

Rivas: -176	-67	0	0	-176	-67	-235	-140
Cannetti: 225	436	0	0	225	436	235	330

Macedo: 283	480	0	0	283	480	264	353
Lee: -202	-120	0	0	-202	-120	-264	-176

Luque: -113	9	0	0	-113	9	-126	-42
Laprise: 108	288	0	0	108	288	126	209

Cummings: 47	197	0	0	47	197	38	120
Prazeres: -27	108	0	0	-27	108	-38	44

Moreno: -150	-94	0	0	-150	-94	-183	-122
Pantoja: 155	294	0	0	155	294	183	244

Botelho: -104	11	0	0	-104	11	-91	-30
Kondo: 45	201	0	0	45	201	91	152

Benitez: -118	-66	0	0	-118	-66	-96	-64
Bandenay: 71	174	0	0	71	174	96	128

Barzola: -314	-173	0	0	-314	-173	-234	-156
Davis: 318	622	0	0	318	622	234	312

Briones: 242	494	0	0	242	494	183	266
Saenz: -216	-79	0	0	-216	-79	-183	-100

Puelles: 313	620	0	0	313	620	228	304
Silva: -323	-179	0	0	-323	-179	-228	-152

Thompson: -171	-85	0	0	-171	-85	-267	-167
Till: 285	465	0	0	285	465	267	367

Magny: -357	-221	0	0	-357	-221	-404	-269
White: 549	885	0	0	549	885	404	539

Allen: -168	-97	0	0	-168	-97	-188	-126
Burnell: 167	330	0	0	167	330	188	251

Knight: -147	-85	0	0	-147	-85	-164	-110
Amirkhani: 104	245	0	0	104	245	164	219

Grant: 39	134	0	0	39	134	79	105
Bermudez: -114	-63	0	0	-114	-63	-79	-53

Spicely: -152	-19	0	0	-152	-19	-185	-92
Stewart: 165	378	0	0	165	378	185	277

Silva: 30	251	0	0	30	251	-46	41
Taleb: -31	176	0	0	-31	176	46	133

Kelly: 129	354	0	0	129	354	69	141
Breese: -121	40	0	0	-121	40	-69	3

Scott: -30	42	0	0	-30	42	39	53
Pedersoli: -102	-57	0	0	-102	-57	-39	-26

Robertson: 242	496	0	0	242	496	289	386
McCann: -266	-146	0	0	-266	-146	-289	-193

Theodorou: -265	-96	0	0	-265	-96	-289	-159
Smith: 364	684	0	0	364	684	289	420

Mazany: -112	-12	0	0	-112	-12	-164	-77
Lansberg: 164	328	0	0	164	328	164	250

Rivera: -142	-63	0	0	-142	-63	-219	-133
Moraes: 238	396	0	0	238	396	219	305

Gillespie: -675	-426	0	0	-675	-426	-528	-352
Pichel: 1070	1703	0	0	1070	1703	528	705

Harris: -314	-184	0	0	-314	-184	-330	-220
Spitz: 408	708	0	0	408	708	330	439

Ellenberger: -128	-40	0	0	-128	-40	-200	-117
Saunders: 187	348	0	0	187	348	200	283

Arce: -185	-3	0	0	-185	-3	-191	-81
Teymur: 253	539	0	0	253	539	191	302

Villante: 366	762	0	0	366	762	133	219
Alvey: -345	-128	0	0	-345	-128	-133	-47

Eubanks: -77	52	0	0	-77	52	-80	-2
Murphy: 36	208	0	0	36	208	80	159

Muhammad: -440	-246	0	0	-440	-246	-417	-278
Rencountre: 552	986	0	0	552	986	417	556

Green: -340	-110	0	0	-340	-110	-276	-142
Tibau: 394	806	0	0	394	806	276	409

Eduardo: 569	985	0	0	569	985	337	449
Wood: -423	-246	0	0	-423	-246	-337	-224

Brooks: 465	884	0	0	465	884	231	349
Torres: -334	-105	0	0	-334	-105	-231	-113

Lentz: 783	1451	0	0	783	1451	400	569
Teymur: -615	-286	0	0	-615	-286	-400	-231

Whittaker: -128	-58	0	0	-128	-58	-197	-115
Romero: 216	360	0	0	216	360	197	279

RDA: -51	51	0	0	-51	51	-108	-23
Covington: 144	271	0	0	144	271	108	192

Holm: -189	-67	0	0	-189	-67	-215	-109
Anderson: 379	595	0	0	379	595	215	321

Arlovski: 255	444	0	0	255	444	174	261
Tuivasa: -154	-53	0	0	-154	-53	-174	-87

CM Punk: 800	1205	0	0	800	1205	376	501
Jackson: -465	-319	0	0	-465	-319	-376	-251

Overeem: -15	106	0	0	-15	106	-18	56
Blaydes: 17	148	0	0	17	148	18	92

Gadelha: -291	-214	0	0	-291	-214	-343	-229
Esparza: 600	817	0	0	600	817	343	458

Lamas: 4	131	0	0	4	131	31	91
Bektic: -38	75	0	0	-38	75	-31	29

Coulter: -164	-102	0	0	-164	-102	-240	-160
De La Rocha: 219	372	0	0	219	372	240	319

Evans: 196	328	0	0	196	328	179	249
Smith: -118	-53	0	0	-118	-53	-179	-109

Benavidez: -318	-228	0	0	-318	-228	-378	-248
Pettis: 706	956	0	0	706	956	378	508

Benavidez: -329	-234	0	0	-329	-234	-389	-255
Pettis: 718	979	0	0	718	979	389	522

Guida: 191	353	0	0	191	353	173	272
Oliveira: -107	-1	0	0	-107	-1	-173	-73

Santiago: -56	8	0	0	-56	8	-9	12
Ige: -39	31	0	0	-39	31	9	31

Cerrone: 119	299	0	0	119	299	109	202
Edwards: -76	59	0	0	-76	59	-109	-17

OSP: 66	196	0	0	66	196	50	120
Pedro: -31	78	0	0	-31	78	-50	20

Clark: -171	-98	0	0	-171	-98	-236	-157
Eye: 226	395	0	0	226	395	236	314

Jingliang: -59	44	0	0	-59	44	-83	-21
Abe: 76	211	0	0	76	211	83	145

Ishihara: 116	309	0	0	116	309	137	230
Yan: -121	13	0	0	-121	13	-137	-45

Arantes: -50	44	0	0	-50	44	-44	3
Yadong: 12	120	0	0	12	120	44	91

Dy: -133	-75	0	0	-133	-75	-114	-76
Young: 35	146	0	0	35	146	114	152

Kenan: -181	-100	0	0	-181	-100	-229	-152
Aldana: 170	343	0	0	170	343	229	305

Anzai: 106	315	0	0	106	315	129	221
Matthews: -138	7	0	0	-138	7	-129	-38

Pereira: -24	71	0	0	-24	71	27	68
Xiaonan: -47	46	0	0	-47	46	-27	14

Schnell: 56	175	0	0	56	175	50	100
Inoue: -45	50	0	0	-45	50	-50	0

Lausa: 261	510	0	0	261	510	306	408
Sasaki: -255	-140	0	0	-255	-140	-306	-204

Miocic: -98	-42	0	0	-98	-42	-140	-78
Cormier: 150	261	0	0	150	261	140	203

Ngannou: -261	-175	0	0	-261	-175	-322	-215
Lewis: 458	683	0	0	458	683	322	429

Chiesa: 2	133	0	0	2	133	-17	66
Pettis: 37	184	0	0	37	184	17	99

Saki: -81	12	0	0	-81	12	-129	-57
Rountree: 98	238	0	0	98	238	129	200

Hall: 285	481	0	0	285	481	288	384
Costa: -205	-128	0	0	-205	-128	-288	-192

Assuncao: -127	-30	0	0	-127	-30	-204	-105
Font: 242	408	0	0	242	408	204	302

Millender: -261	-162	0	0	-261	-162	-324	-216
Griffin: 405	652	0	0	405	652	324	432

Hooker: -334	-170	0	0	-334	-170	-197	-115
Burns: 481	832	0	0	481	832	197	279

Vannata: -4	163	0	0	-4	163	-18	73
Klose: 19	191	0	0	19	191	18	108

Moyle: -236	-137	0	0	-236	-137	-293	-195
Whitmire: 260	487	0	0	260	487	293	390

Felder: -165	-66	0	0	-165	-66	-233	-140
Perry: 222	409	0	0	222	409	233	327

Dos Santos: -21	128	0	0	-21	128	-35	51
Ivanov: 53	214	0	0	53	214	35	122

Northcutt: -52	117	0	0	-52	117	-38	49
Ottow: 71	267	0	0	71	267	38	125

Brown: -308	-95	0	0	-308	-95	-162	-68
Price: 356	742	0	0	356	742	162	257

Jury: 1	355	0	0	1	355	98	220
Mendes: 49	411	0	0	49	411	-98	24

Zingano: 255	584	0	0	255	584	72	165
Reneau: -195	22	0	0	-195	22	-72	21

Wineland: 433	891	0	0	433	891	219	321
Perez: -416	-174	0	0	-416	-174	-219	-117

Elkins: -149	176	0	0	-149	176	-102	28
Volkanovski: 247	669	0	0	247	669	102	233

Scoggins: 431	809	0	0	431	809	239	342
Nurmagomedov: -349	-163	0	0	-349	-163	-239	-137

Holobaugh: 402	715	0	0	402	715	203	271
Barcelos: -342	-215	0	0	-342	-215	-203	-135

Carmouche: -56	50	0	0	-56	50	-52	10
Maia: -7	131	0	0	-7	131	52	113

De La Rosa: -174	-96	0	0	-174	-96	-139	-93
Garcia: 68	213	0	0	68	213	139	186

Aguilar: -431	-103	0	0	-431	-103	-185	-60
Esquibel: 447	989	0	0	447	989	185	310

Shogun: 194	500	0	0	194	500	66	161
Smith: -163	55	0	0	-163	55	-66	29

Teixeira: -132	-42	0	0	-132	-42	-166	-89
Anderson: 141	305	0	0	141	305	166	244

Miranda: 459	886	0	0	459	886	281	375
Azaitar: -435	-239	0	0	-435	-239	-281	-187

Tybura: -225	-103	0	0	-225	-103	-262	-151
Struve: 352	598	0	0	352	598	262	374

Haqparast: 217	453	0	0	217	453	155	258
Diakiese: -145	8	0	0	-145	8	-155	-51

Hein: -31	72	0	0	-31	72	-9	47
Hadzovic: 18	138	0	0	18	138	9	65

Meek: -200	-72	0	0	-200	-72	-219	-119
Fabinski: 282	522	0	0	282	522	219	319

Taha: 74	191	0	0	74	191	123	164
Narimani: -131	-74	0	0	-131	-74	-123	-82

Ledet: -288	-169	0	0	-288	-169	-296	-197
Rakic: 324	596	0	0	324	596	296	395

Grant: 1	82	0	0	1	82	57	76
Bermudez: -104	-59	0	0	-104	-59	-57	-38

Kimball: 147	384	0	0	147	384	150	260
Stosic: -136	25	0	0	-136	25	-150	-40

Stasiak: 50	183	0	0	50	183	110	165
Liu: -103	-13	0	0	-103	-13	-110	-54

Roberts: -331	-184	0	0	-331	-184	-422	-281
Zawada: 410	738	0	0	410	738	422	563



Alvarez: 34	147	0	0	34	147	29	79
Poirier: -41	41	0	0	-41	41	-29	22

Aldo: -209	-77	0	0	-209	-77	-264	-149
Stephens: 331	581	0	0	331	581	264	380

Jedrzejczyk: -644	-422	0	0	-644	-422	-525	-350
Torres: 1125	1689	0	0	1125	1689	525	700

Hernandez: -118	11	0	0	-118	11	-95	-13
Aubin-Mercier: 165	359	0	0	165	359	95	177

Mein: -44	61	0	0	-44	61	-47	16
Morono: 32	155	0	0	32	155	47	109

Dawodu: -211	-65	0	0	-211	-65	-286	-156
Arnett: 300	564	0	0	300	564	286	415

Johnson: 335	551	0	0	335	551	331	441
Makhachev: -225	-137	0	0	-225	-137	-331	-221

Antigulov: -13	161	0	0	-13	161	-46	58
Cutelaba: 36	220	0	0	36	220	46	150

Makdessi: 8	167	0	0	8	167	-9	74
Pearson: 6	165	0	0	6	165	9	92

Davis: -40	130	0	0	-40	130	-44	53
Chookagian: 24	214	0	0	24	214	44	140

Ortiz: 79	259	0	0	79	259	87	187
Nicolau: -57	91	0	0	-57	91	-87	13

Markos: 120	331	0	0	120	331	116	234
Ansaroff: -66	109	0	0	-66	109	-116	1

Powell: -98	-56	0	0	-98	-56	-34	-23
Herrera: -36	30	0	0	-36	30	34	45



Dillashaw: -278	-178	0	0	-278	-178	-255	-162
Garbrandt: 526	779	0	0	526	779	255	347

Johnson: -806	-560	0	0	-806	-560	-622	-415
Cejudo: 1583	2240	0	0	1583	2240	622	829

Swanson: 31	215	0	0	31	215	29	127
Moicano: -20	154	0	0	-20	154	-29	70

Viana: -258	-74	0	0	-258	-74	-178	-81
Aldrich: 298	621	0	0	298	621	178	274

Santos: -217	-136	0	0	-217	-136	-331	-204
Holland: 512	695	0	0	512	695	331	458

Munhoz: -111	-33	0	0	-111	-33	-162	-83
Johns: 180	318	0	0	180	318	162	241

Simon: -48	38	0	0	-48	38	-51	-3
Jackson: 26	133	0	0	26	133	51	98

Sayles: -85	-2	0	0	-85	-2	-101	-45
Moraes: 65	189	0	0	65	189	101	156

Perez: 160	397	0	0	160	397	74	178
Torres: -91	91	0	0	-91	91	-74	31

Ramos: -135	-38	0	0	-135	-38	-205	-109
Ho Kang: 225	397	0	0	225	397	205	300

Taylor: 187	331	0	0	187	331	199	266
Zhang: -154	-95	0	0	-154	-95	-199	-133

Vera: -253	-107	0	0	-253	-107	-280	-164
Buren: 346	632	0	0	346	632	280	397

Moicano: -21	66	0	0	-21	66	0	36
Kattar: -24	66	0	0	-24	66	0	36

Bermudez: -164	-107	0	0	-164	-107	-242	-161
Glenn: 265	411	0	0	265	411	242	323



Justin Gaethje: -136	17	-93	-53	-136	-5	-131	-36
James Vick: 249	480	53	93	232	429	131	226

Michael Johnson: -251	-123	-154	-88	-246	-139	-261	-148
Andre Fili: 416	686	88	154	384	609	261	373

Cortney Casey: -72	32	104	104	-3	79	-104	-32
Angela Hill: 80	227	-183	-104	9	126	104	177

Jake Ellenberger: 664	1175	352	352	704	1120	295	420
Bryan Barbarena: -474	-233	-616	-352	-549	-352	-295	-170

John Moraga: 18	202	44	44	41	178	5	103
Deiveson Figueiredo: -8	170	-77	-44	-34	99	-5	92

Eryk Anders: -582	-341	-695	-397	-698	-526	-405	-270
Tim Williams: 751	1320	397	695	820	1227	405	539

James Krause: -97	-9	273	273	100	166	-123	-53
Warlley Alves: 117	255	-478	-273	-85	18	123	193

Cory Sandhagen: 163	330	65	65	164	271	178	256
Iuri Alcantara: -134	-38	-114	-65	-145	-83	-178	-100

Andrew Sanchez: -20	121	73	73	56	145	-7	70
Markus Perez: -13	125	-128	-73	-76	10	7	83

Mickey Gall: -165	-64	-583	-333	-335	-259	-220	-124
George Sullivan: 218	415	333	583	374	522	220	317

Joanne Calderwood: -181	-113	-660	-377	-385	-336	-259	-173
Kalindra Faria: 243	405	377	660	430	549	259	346

Drew Dober: -139	-60	-616	-352	-387	-334	-177	-105
Jon Tuck: 126	283	352	616	378	483	177	249

Rani Yahya: -59	12	-248	-142	-175	-131	-42	-7
Luke Sanders: 21	117	142	248	151	210	42	77



Tyron Woodley: -40	101	0	0	-40	101	-95	0
Darren Till: 109	268	0	0	109	268	95	190

Zabit Magomedsharipov: -854	-561	0	0	-854	-561	-619	-413
Brandon Davis: 1485	2243	0	0	1485	2243	619	826

Jessica Andrade: -295	-163	0	0	-295	-163	-303	-184
Karolina Kowalkiewicz: 481	767	0	0	481	767	303	423

Abdul Razak Alhassan: -8	145	0	0	-8	145	-17	70
Niko Price: 2	158	0	0	2	158	17	105

Carla Esparza: 462	872	0	0	462	872	245	390
Tatiana Suarez: -306	-69	0	0	-306	-69	-245	-101

Aljamain Sterling: -2	116	0	0	-2	116	-14	57
Cody Stamann: 9	136	0	0	9	136	14	84

Jimmie Rivera: -273	-182	0	0	-273	-182	-369	-246
John Dodson: 486	727	0	0	486	727	369	492

Charles Byrd: -102	9	0	0	-102	9	-134	-52
Darren Stewart: 159	329	0	0	159	329	134	216

Diego Sanchez: 284	545	0	0	284	545	209	322
Craig White: -185	-32	0	0	-185	-32	-209	-96

Jim Miller: 98	265	0	0	98	265	113	194
Alex White: -84	38	0	0	-84	38	-113	-31

Irene Aldana: -130	-49	0	0	-130	-49	-117	-63
Lucie Pudilova: 54	194	0	0	54	194	117	171

Jarred Brooks: -201	-74	0	0	-201	-74	-175	-85
Roberto Sanchez: 316	562	0	0	316	562	175	265

Geoff Neal: -113	17	0	0	-113	17	-164	-63
Frank Camacho: 160	354	0	0	160	354	164	265



Mark Hunt: -279	-169	0	0	-279	-169	-323	-215
Alexey Oleinik: 370	640	0	0	370	640	323	430

Jan Blachowicz: -12	144	0	0	-12	144	-20	69
Nikita Krylov: 35	201	0	0	35	201	20	109

Andrei Arlovski: -333	-196	0	0	-333	-196	-394	-263
Shamil Abdurakhimov: 462	787	0	0	462	787	394	525

Alexey Kunchenko: -241	-150	0	0	-241	-150	-324	-216
Thiago Alves: 354	582	0	0	354	582	324	431

Petr Yan: -756	-420	0	0	-756	-420	-503	-335
Jin Soo Son: 914	1662	0	0	914	1662	503	671

Rustam Khabilov: -274	-166	0	0	-274	-166	-378	-252
Kajan Johnson: 402	665	0	0	402	665	378	504

Mairbek Taisumov: -383	-213	0	0	-383	-213	-337	-225
Des Green: 402	779	0	0	402	779	337	449

Magomed Ankalaev: -165	-27	0	0	-165	-27	-196	-94
Marcin Prachnio: 181	405	0	0	181	405	196	298

Adam Yandiev: 133	306	0	0	133	306	170	243
Jordan Johnson: -146	-50	0	0	-146	-50	-170	-96

Ramazan Emeev: -433	-236	0	0	-433	-236	-386	-257
Stefan Sekulic: 493	921	0	0	493	921	386	514

Merab Dvalishvili: -48	109	0	0	-48	109	-76	17
Terrion Ware: 71	256	0	0	71	256	76	169

Mark Hunt: -455	-265	0	0	-455	-265	-379	-253
Alexey Oleinik: 586	1029	0	0	586	1029	379	505

Jan Blachowicz: -263	-11	0	0	-263	-11	-128	-15
Nikita Krylov: 311	703	0	0	311	703	128	241

Andrei Arlovski: -474	-276	0	0	-474	-276	-434	-290
Shamil Abdurakhimov: 644	1105	0	0	644	1105	434	579

Alexey Kunchenko: -398	-235	0	0	-398	-235	-372	-248
Thiago Alves: 544	926	0	0	544	926	372


	
Picks: 4
Thiago Santos: -108	-1	0	0	-108	-1	-176	-89
Eryk Anders: 149	316	0	0	149	316	176	262

Picks: 3
Alex Oliveira: -314	-175	0	0	-314	-175	-405	-270
Carlo Pedersoli: 387	699	0	0	387	699	405	540

Picks: 3
Sam Alvey: -124	8	0	0	-124	8	-150	-67
Antonio Rogerio Nogueira: 143	342	0	0	143	342	150	233

Picks: 3
Renan Barao: -119	17	0	0	-119	17	-175	-78
Andre Ewell: 159	363	0	0	159	363	175	271

Picks: 3
Randa Markos: 44	161	0	0	44	161	39	89
Marina Rodriguez: -34	64	0	0	-34	64	-39	11

Picks: 3
Charles Oliviera: -379	-208	0	0	-379	-208	-383	-255
Christos Giagos: 458	835	0	0	458	835	383	511

Picks: 3
Evan Dunham: 72	235	0	0	72	235	68	153
Francisco Trinaldo: -55	76	0	0	-55	76	-68	16

Picks: 3
Luis Henrique: 18	159	0	0	18	159	60	117
Ryan Spann: -76	41	0	0	-76	41	-60	-3

Picks: 3
Chase Sherman: -3	80	0	0	-3	80	56	74
Augusto Sakai: -108	-59	0	0	-108	-59	-56	-37

Picks: 2
Ben Saunders: -168	-91	0	0	-168	-91	-207	-138
Sergio Moraes: 195	363	0	0	195	363	207	276

Picks: 3
Mayra Bueno Silva: 25	137	0	0	25	137	20	70
Gillian Robertson: -15	88	0	0	-15	88	-20	30

Picks: 4
Thales Leites: -167	-97	0	0	-167	-97	-212	-142
Hector Lombard: 159	315	0	0	159	315	212	283

Picks: 3
Elizeu Zaleski dos Santos: -162	-24	0	0	-162	-24	-217	-107
Luigi Vendramini: 194	420	0	0	194	420	217	326

Picks: 3
Alex Chambers: 481	900	0	0	481	900	356	474
Livia Renata Souza: -419	-225	0	0	-419	-225	-356	-237



Picks: 11
Khabib Nurmagomedov: -155	-103	0	0	-155	-103	-214	-142
Conor McGregor: 219	364	0	0	219	364	214	285

Picks: 12
Tony Ferguson: -349	-227	0	0	-349	-227	-423	-273
Anthony Pettis: 699	1007	0	0	699	1007	423	573

Picks: 10
Ovince Saint Preux: 145	310	0	0	145	310	174	255
Dominick Reyes: -124	-37	0	0	-124	-37	-174	-94

Picks: 12
Derrick Lewis: 232	444	0	0	232	444	174	270
Alexander Volkov: -147	-22	0	0	-147	-22	-174	-78

Picks: 11
Michelle Waterson: 74	189	0	0	74	189	83	139
Felice Herrig: -69	3	0	0	-69	3	-83	-27

Picks: 11
Sergio Pettis: -107	-22	0	0	-107	-22	-185	-95
Jussier Formiga: 208	345	0	0	208	345	185	275

Picks: 9
Vicente Luque: -399	-236	0	0	-399	-236	-359	-239
Jalin Turner: 547	932	0	0	547	932	359	478

Picks: 10
Tonya Evinger: 116	325	0	0	116	325	56	145
Aspen Ladd: -82	84	0	0	-82	84	-56	33

Picks: 9
Yana Kunitskaya: -185	-77	0	0	-185	-77	-265	-154
Lina Lansberg: 298	509	0	0	298	509	265	377

Picks: 8
Alan Patrick: 3	93	0	0	3	93	67	89
Scott Holtzman: -102	-62	0	0	-102	-62	-67	-44

Picks: 10
Gray Maynard: 240	498	0	0	240	498	145	240
Nik Lentz: -172	-10	0	0	-172	-10	-145	-49

Picks: 8
Ryan LaFlare: -34	85	0	0	-34	85	-32	40
Tony Martin: 34	173	0	0	34	173	32	105



Picks: 6
Volkan Oezdemir: -191	-70	0	0	-191	-70	-256	-146
Anthony Smith: 265	494	0	0	265	494	256	366

Picks: 6
Artem Lobov: 1187	1941	0	0	1187	1941	578	771
Michael Johnson: -790	-485	0	0	-790	-485	-578	-386

Picks: 6
Misha Cirkunov: -163	-49	0	0	-163	-49	-217	-117
Patrick Cummins: 233	439	0	0	233	439	217	317

Picks: 5
Andre Soukhamthath: -150	-89	0	0	-150	-89	-192	-128
Jonathan Martinez: 175	319	0	0	175	319	192	256

Picks: 6
Gian Villante: -175	-26	0	0	-175	-26	-135	-49
Ed Herman: 196	439	0	0	196	439	135	222

Picks: 5
Court McGee: -100	-7	0	0	-100	-7	-99	-39
Alex Garcia: 69	207	0	0	69	207	99	160

Picks: 5
Nordine Taleb: -9	152	0	0	-9	152	-23	77
Sean Strickland: 28	197	0	0	28	197	23	123

Picks: 4
Sarah Moras: -161	-89	0	0	-161	-89	-177	-118
Talita Bernardo: 106	255	0	0	106	255	177	236

Picks: 3
Arjan Singh Bhullar: -78	99	0	0	-78	99	-87	26
Marcelo Golm: 112	335	0	0	112	335	87	200

Picks: 4
Stevie Ray: -170	75	0	0	-170	75	-75	42
Jessin Ayari: 220	562	0	0	220	562	75	192

Picks: 5
Calvin Kattar: -577	-346	0	0	-577	-346	-418	-278
Chris Fishgold: 827	1385	0	0	827	1385	418	557

Picks: 4
Don Madge: 76	261	0	0	76	261	67	161
Te Edwards: -59	93	0	0	-59	93	-67	28

Picks: 4
Nasrat Haqparast: -66	97	0	0	-66	97	-78	21
Thibault Gouti: 93	294	0	0	93	294	78	177



Picks: 10
Daniel Cormier: -727	-490	0	0	-727	-490	-600	-400
Derrick Lewis: 1326	1960	0	0	1326	1960	600	800

Picks: 10
Chris Weidman: -21	102	0	0	-21	102	0	61
Jacare Souza: -9	106	0	0	-9	106	0	61

Picks: 10
David Branch: -201	-113	0	0	-201	-113	-275	-171
Jared Cannonier: 363	562	0	0	363	562	275	379

Picks: 7
Karl Roberson: -296	-190	0	0	-296	-190	-328	-218
Jack Marshman: 426	696	0	0	426	696	328	437

Picks: 10
Derek Brunson: 344	565	0	0	344	565	233	351
Israel Adesanya: -169	-37	0	0	-169	-37	-233	-115

Picks: 8
Jason Knight: -66	34	0	0	-66	34	-119	-43
Jordan Rinaldi: 132	271	0	0	132	271	119	195

Picks: 8
Sijara Eubanks: -190	-65	0	0	-190	-65	-189	-93
Roxanne Modafferi: 265	505	0	0	265	505	189	285

Picks: 7
Julio Arce: -145	-86	0	0	-145	-86	-136	-91
Sheymon Moraes: 85	219	0	0	85	219	136	182

Picks: 8
Lyman Good: -41	74	0	0	-41	74	-31	32
Ben Saunders: 11	150	0	0	11	150	31	93

Picks: 8
Matt Frevola: 293	568	0	0	293	568	191	303
Lando Vannata: -188	-20	0	0	-188	-20	-191	-79

Picks: 7
Shane Burgos: -395	-251	0	0	-395	-251	-443	-295
Kurt Holobaugh: 635	1004	0	0	635	1004	443	590

Picks: 7
Brian Kelleher: 64	400	0	0	64	400	31	157
Montel Jackson: -40	269	0	0	-40	269	-31	95

Picks: 6
Adam Wieczorek: -22	70	0	0	-22	70	0	43
Marcos Rogerio de Lima: -28	70	0	0	-28	70	0	43



Picks: 7
Korean Zombie: -70	27	0	0	-70	27	-99	-35
Yair Rodriguez: 71	205	0	0	71	205	99	163

Picks: 7
Donald Cerrone: -18	124	0	0	-18	124	-33	53
Mike Perry: 37	191	0	0	37	191	33	119

Picks: 6
Raquel Pennington: -6	139	0	0	-6	139	-1	74
Germaine de Randamie: -5	135	0	0	-5	135	1	76

Picks: 7
Maycee Barber: -482	-294	0	0	-482	-294	-486	-324
Hannah Cifers: 715	1178	0	0	715	1178	486	648

Picks: 6
Luis Pena: -148	-88	0	0	-148	-88	-143	-95
Mike Trizano: 85	222	0	0	85	222	143	190

Picks: 7
Amanda Cooper: -106	-38	0	0	-106	-38	-129	-71
Ashley Yoder: 109	242	0	0	109	242	129	186

Picks: 6
Chas Skelly: -93	-4	0	0	-93	-4	-65	-15
Bobby Moffett: 35	165	0	0	35	165	65	116

Picks: 6
Beneil Dariush: -272	-133	0	0	-272	-133	-210	-123
Thiago Moises: 336	622	0	0	336	622	210	296

Picks: 7
Davi Ramos: -280	-64	0	0	-280	-64	-230	-101
John Gunther: 345	716	0	0	345	716	230	359

Picks: 5
Eric Shelton: -34	40	0	0	-34	40	24	43
Joseph Morales: -76	-21	0	0	-76	-21	-24	-6

Picks: 5
Mark De La Rosa: -152	-45	0	0	-152	-45	-203	-116
Joby Sanchez: 189	378	0	0	189	378	203	291

Picks: 6
Julian Erosa: 241	470	0	0	241	470	177	272
Devonte Smith: -174	-45	0	0	-174	-45	-177	-82



Picks: 10
Neil Magny: 416	709	0	0	416	709	208	341
Santiago Ponzinibbio: -205	-25	0	0	-205	-25	-208	-76

Picks: 10
Ricardo Lamas: -163	-64	0	0	-163	-64	-236	-135
Darren Elkins: 318	507	0	0	318	507	236	338

Picks: 9
Khalil Rountree: -317	-208	0	0	-317	-208	-292	-186
Johnny Walker: 637	924	0	0	637	924	292	397

Picks: 9
Cezar Ferreira: -283	-187	0	0	-283	-187	-276	-184
Ian Heinisch: 424	685	0	0	424	685	276	369

Picks: 8
Marlon Vera: -220	-137	0	0	-220	-137	-286	-191
Guido Cannetti: 301	513	0	0	301	513	286	382

Picks: 9
Poliana Botelho: -135	-41	0	0	-135	-41	-192	-102
Cynthia Calvillo: 198	367	0	0	198	367	192	281

Picks: 7
Michel Prazeres: -396	-247	0	0	-396	-247	-422	-275
Bartosz Fabinski: 669	1045	0	0	669	1045	422	569

Picks: 7
Alexandre Pantoja: -203	-81	0	0	-203	-81	-207	-108
Ulka Sasaki: 294	533	0	0	294	533	207	306

Picks: 6
Hector Aldana: -53	14	0	0	-53	14	0	20
Laureano Staropoli: -46	14	0	0	-46	14	0	20

Picks: 5
Devin Powell: -85	28	0	0	-85	28	-95	-20
Jesus Pinedo: 62	212	0	0	62	212	95	171

Picks: 5
Nad Narimani: -157	-62	0	0	-157	-62	-219	-132
Anderson dos Santos: 190	368	0	0	190	368	219	305

Picks: 8
Michel Prazeres: -342	-221	0	0	-342	-221	-382	-249
Bartosz Fabinski: 622	935	0	0	622	935	382	515

Picks: 6
Austin Arnett: 288	520	0	0	288	520	217	289
Humberto Bandenay: -256	-162	0	0	-256	-162	-217	-144



Picks: 8
Curtis Blaydes: -182	-35	0	0	-182	-35	-239	-121
Francis N'Gannou: 258	507	0	0	258	507	239	357

Picks: 3
Yan Xiaonan: 139	463	0	0	139	463	-28	102
Syuri Kondo: -83	189	0	0	-83	189	28	158

Picks: 4
Kenan Song: -95	125	0	0	-95	125	-125	3
Alex Morono: 120	394	0	0	120	394	125	253

Picks: 4
John Phillips: 309	553	0	0	309	553	325	433
Kevin Holland: -246	-138	0	0	-246	-138	-325	-217

Picks: 6
Jessica Aguilar: 271	521	0	0	271	521	219	331
Weili Zhang: -187	-43	0	0	-187	-43	-219	-106

Picks: 2
Pingyuan Liu: -216	-116	0	0	-216	-116	-300	-200
Martin Day: 249	466	0	0	249	466	300	400

Picks: 6
Louis Smolka: -177	-57	0	0	-177	-57	-266	-153
Sumudaerji: 279	502	0	0	279	502	266	379

Picks: 8
Alistair Overeem: -116	52	0	0	-116	52	-93	-2
Sergey Pavlovich: 138	370	0	0	138	370	93	185

Picks: 5
Rashad Coulter: 5	139	0	0	5	139	8	81
Hu Yaozong: 8	143	0	0	8	143	-8	65

Picks: 3
Wu Yanan: 1165	2115	0	0	1165	2115	508	677
Lauren Mueller: -955	-529	0	0	-955	-529	-508	-338

Picks: 7
Li Jingliang: -272	-160	0	0	-272	-160	-298	-199
David Zawada: 340	607	0	0	340	607	298	398



Picks: 5
Rafael Dos Anjos: 48	212	0	0	48	212	43	133
Kamaru Usman: -34	111	0	0	-34	111	-43	47

Picks: 4
Pedro Munhoz: -31	95	0	0	-31	95	-29	46
Bryan Caraway: 48	193	0	0	48	193	29	104

Picks: 5
Antonina Shevchenko: -457	-248	0	0	-457	-248	-339	-214
Ji Yeon Kim: 653	1123	0	0	653	1123	339	464

Picks: 3
Joseph Benavidez: -863	-492	0	0	-863	-492	-546	-364
Alex Perez: 1116	1969	0	0	1116	1969	546	728

Picks: 3
Tim Means: -196	-106	0	0	-196	-106	-265	-177
Ricky Rainey: 232	428	0	0	232	428	265	354



Picks: 4
Junior dos Santos: -214	-62	0	0	-214	-62	-284	-162
Tai Tuivasa: 286	558	0	0	286	558	284	407

Picks: 4
Mark Hunt: -280	-158	0	0	-280	-158	-375	-250
Justin Willis: 356	633	0	0	356	633	375	500

Picks: 4
Shogun Rua: 270	499	0	0	270	499	286	395
Tyson Pedro: -201	-85	0	0	-201	-85	-286	-177

Picks: 3
Jakes Matthews: -145	-25	0	0	-145	-25	-184	-97
Tony Martin: 188	389	0	0	188	389	184	271

Picks: 3
Wilson Reis: -276	-150	0	0	-276	-150	-362	-241
Ben Nguyen: 328	603	0	0	328	603	362	482



Picks: 9
Max Holloway: -68	117	0	0	-68	117	-92	18
Brian Ortega: 104	327	0	0	104	327	92	203

Picks: 9
Joanna Jedrzejczyk: -4	209	0	0	-4	209	17	127
Valentina Shevchenko: 46	267	0	0	46	267	-17	94

Picks: 9
Alex Oliveira: 126	266	0	0	126	266	113	186
Gunnar Nelson: -79	17	0	0	-79	17	-113	-39

Picks: 8
Kyle Bochniak: 172	336	0	0	172	336	184	266
Hakeem Dawodu: -130	-38	0	0	-130	-38	-184	-102

Picks: 9
Thiago Santos: -132	-37	0	0	-132	-37	-165	-91
Jimi Manuwa: 139	309	0	0	139	309	165	239

Picks: 9
Claudia Gadelha: -402	-249	0	0	-402	-249	-412	-264
Nina Ansaroff: 730	1109	0	0	730	1109	412	559

Picks: 9
Jessica Eye: -28	94	0	0	-28	94	-41	31
Katlyn Chookagian: 38	177	0	0	38	177	41	113

Picks: 9
Eryk Anders: -174	-11	0	0	-174	-11	-201	-75
Elias Theodorou: 342	604	0	0	342	604	201	327

Picks: 9
Gilbert Burns: 107	246	0	0	107	246	99	177
Olivier Aubin-Mercier: -77	24	0	0	-77	24	-99	-21

Picks: 5
Brad Katona: -155	-90	0	0	-155	-90	-187	-124
Matthew Lopez: 209	361	0	0	209	361	187	249

Picks: 8
Chad Laprise: -160	-27	0	0	-160	-27	-234	-118
Dhiego Lima: 251	472	0	0	251	472	234	349

Picks: 1
Diego Ferreira: -221	-116	0	0	-221	-116	-300	-200
Kyle Nelson: 244	466	0	0	244	466	300	400

Picks: 4
Aleksandar Rakic: -216	-126	0	0	-216	-126	-297	-198
Devin Clark: 267	476	0	0	267	476	297	395






Picks: 6
Kevin Lee: 64	220	0	0	64	220	36	127
Al Iaquinta: -15	129	0	0	-15	129	-36	56

Picks: 6
Edson Barboza: -146	-46	0	0	-146	-46	-217	-126
Dan Hooker: 209	391	0	0	209	391	217	308

Picks: 6
Sergio Pettis: 7	163	0	0	7	163	-8	81
Rob Font: 4	159	0	0	4	159	8	97

Picks: 6
Charles Oliveira: -68	39	0	0	-68	39	-91	-24
Jim Miller: 75	217	0	0	75	217	91	157

Picks: 4
Joaquim Silva: 1	123	0	0	1	123	13	79
Jared Gordon: 16	140	0	0	16	140	-13	52

Picks: 3
Dwight Grant: -212	-83	0	0	-212	-83	-266	-161
Zak Ottow: 267	514	0	0	267	514	266	371

Picks: 4
Drakkar Klose: -216	-124	0	0	-216	-124	-300	-200
Bobby Green: 285	498	0	0	285	498	300	400

Picks: 4
Jack Hermansson: -123	-69	0	0	-123	-69	-92	-61
Gerald Meerschaert: 23	127	0	0	23	127	92	123

Picks: 3
Zak Cummings: -15	88	0	0	-15	88	-19	31
Trevor Smith: 24	137	0	0	24	137	19	69

Picks: 3
Juan Adams: -523	-288	0	0	-523	-288	-416	-277
Chris De La Rocha: 598	1114	0	0	598	1114	416	555



Picks: 9
Jon Jones: -342	-199	0	0	-342	-199	-365	-232
Alexander Gustafsson: 590	924	0	0	590	924	365	498

Picks: 9
Cris Cyborg: -288	-149	0	0	-288	-149	-332	-198
Amanda Nunes: 509	805	0	0	509	805	332	467

Picks: 9
Ilir Latifi: -298	-155	0	0	-298	-155	-292	-174
Corey Anderson: 489	799	0	0	489	799	292	410

Picks: 9
Carlos Condit: 29	171	0	0	29	171	33	109
Michael Chiesa: -27	103	0	0	-27	103	-33	43

Picks: 9
Megan Anderson: 67	219	0	0	67	219	57	146
Cat Zingano: -26	114	0	0	-26	114	-57	32

Picks: 8
Uriah Hall: 102	290	0	0	102	290	21	96
Bevon Lewis: -58	100	0	0	-58	100	-21	55

Picks: 8
BJ Penn: 598	944	0	0	598	944	368	498
Ryan Hall: -358	-217	0	0	-358	-217	-368	-239

Picks: 8
Andrei Arlovski: 306	684	0	0	306	684	65	187
Walt Harris: -219	41	0	0	-219	41	-65	57

Picks: 7
Curtis Millender: -222	-145	0	0	-222	-145	-221	-147
Siyar Bahadurzada: 278	471	0	0	278	471	221	295

Picks: 7
Petr Yan: -460	-275	0	0	-460	-275	-404	-269
Douglas Silve de Andrade: 653	1098	0	0	653	1098	404	538

Picks: 9
Chad Mendes: -58	56	0	0	-58	56	-73	1
Alexander Volkanovski: 57	203	0	0	57	203	73	146

Picks: 7
Brian Kelleher: 60	233	0	0	60	233	76	163
Montel Jackson: -65	71	0	0	-65	71	-76	11

Picks: 6
Nathaniel Wood: -212	-57	0	0	-212	-57	-150	-58
Andre Ewell: 246	514	0	0	246	514	150	242



Picks: 8
Henry Cejudo: 463	748	0	0	463	748	338	475
TJ Dillashaw: -268	-132	0	0	-268	-132	-338	-200

Picks: 8
Greg Hardy: -485	-314	0	0	-485	-314	-397	-265
Allen Crowder: 812	1255	0	0	812	1255	397	530

Picks: 8
Gregor Gillespie: -349	-176	0	0	-349	-176	-353	-212
Yancy Medeiros: 537	909	0	0	537	909	353	494

Picks: 8
Joseph Benavidez: -292	-175	0	0	-292	-175	-313	-199
Dustin Ortiz: 490	770	0	0	490	770	313	427

Picks: 8
Paige VanZant: -256	-158	0	0	-256	-158	-308	-205
Rachael Ostovich: 368	612	0	0	368	612	308	410

Picks: 8
Donald Cerrone: 216	396	0	0	216	396	206	296
Alex Hernandez: -152	-58	0	0	-152	-58	-206	-115

Picks: 6
Glover Teixeira: -151	100	0	0	-151	100	6	108
Karl Roberson: 257	598	0	0	257	598	-6	96

Picks: 7
Joanne Calderwood: -201	-114	0	0	-201	-114	-207	-128
Ariane Lipski: 298	499	0	0	298	499	207	286

Picks: 6
Alonzo Menifield: -143	-1	0	0	-143	-1	-134	-43
Vinicius Alves Moreira: 207	429	0	0	207	429	134	226

Picks: 3
Cory Sandhagen: -486	-278	0	0	-486	-278	-446	-297
Mario Bautista: 635	1114	0	0	635	1114	446	594

Picks: 6
Dennis Bermudez: -48	39	0	0	-48	39	-33	20
Te Edwards: 19	129	0	0	19	129	33	85

Picks: 8
Belal Muhammad: -118	50	0	0	-118	50	-57	23
Geoff Neal: 124	350	0	0	124	350	57	137

Picks: 3
Chance Rencountre: 27	161	0	0	27	161	0	67
Kyle Stewart: -17	105	0	0	-17	105	0	67



Picks: 7
Justin Ledet: 338	628	0	0	338	628	252	369
Johnny Walker: -240	-85	0	0	-240	-85	-252	-135

Picks: 4
Livinha Souza: -165	-92	0	0	-165	-92	-214	-143
Sarah Frota: 206	371	0	0	206	371	214	285

Picks: 6
Anthony Hernandez: -89	46	0	0	-89	46	-104	-15
Markus Perez: 118	304	0	0	118	304	104	193

Picks: 3
Mara Romero Borella: 78	234	0	0	78	234	71	147
Taila Santos: -64	57	0	0	-64	57	-71	5

Picks: 1
Geraldo de Freitas: -95	-50	0	0	-95	-50	0	0
Felipe Colares: -95	-50	0	0	-95	-50	0	0

Picks: 2
Magomed Bibulatov: -122	72	0	0	-122	72	-143	-14
Rogerio Bontorin: 160	425	0	0	160	425	143	273

Picks: 8
Raphael Assuncao: 501	849	0	0	501	849	282	399
Marlon Moraes: -325	-162	0	0	-325	-162	-282	-165

Picks: 8
Jose Aldo: -120	-35	0	0	-120	-35	-171	-86
Renato Moicano: 225	381	0	0	225	381	171	255

Picks: 8
Demian Maia: -79	53	0	0	-79	53	-70	8
Lyman Good: 126	302	0	0	126	302	70	147

Picks: 8
Charles Oliveira: -153	106	0	0	-153	106	-45	78
David Teymur: 260	608	0	0	260	608	45	168

Picks: 8
Thiago Alves: 38	184	0	0	38	184	21	108
Max Griffin: 4	149	0	0	4	149	-21	66

Picks: 7
Junior Albini: -126	-77	0	0	-126	-77	-130	-87
Jairzinho Rozenstruik: 82	192	0	0	82	192	130	173

Picks: 7
Ricardo Ramos: 172	504	0	0	172	504	-45	60
Said Nurmagomedov: -100	172	0	0	-100	172	45	149



Picks: 9
Anderson Silva: 838	1347	0	0	838	1347	443	591
Israel Adesanya: -542	-337	0	0	-542	-337	-443	-296

Picks: 8
Rani Yahya: 12	147	0	0	12	147	5	80
Ricky Simon: 5	140	0	0	5	140	-5	70

Picks: 5
Nadia Kassem: -59	8	0	0	-59	8	-32	-2
Montana De La Rosa: -15	76	0	0	-15	76	32	63

Picks: 8
Jim Crute: -177	-69	0	0	-177	-69	-198	-113
Sam Alvey: 282	492	0	0	282	492	198	283

Picks: 3
Dong Hyun Ma: 328	587	0	0	328	587	354	472
Devonte Smith: -261	-146	0	0	-261	-146	-354	-236

Picks: 3
Austin Arnett: 390	695	0	0	390	695	387	516
Shane Young: -308	-174	0	0	-308	-174	-387	-258

Picks: 6
Kai Kara-France: -406	-176	0	0	-406	-176	-239	-124
Raulian Paiva: 587	1054	0	0	587	1054	239	354

Picks: 6
Teruto Ishihara: 354	686	0	0	354	686	300	400
Kyung Ho Kang: -337	-187	0	0	-337	-187	-300	-200

Picks: 9
Lando Vannata: -275	-170	0	0	-275	-170	-331	-221
Marcos Rosa Mariano: 396	652	0	0	396	652	331	442

Picks: 3
Jalin Turner: -208	-116	0	0	-208	-116	-300	-200
Callan Potter: 258	466	0	0	258	466	300	400

Picks: 2
Wuliji Buren: 6	175	0	0	6	175	0	100
Jonathan Martinez: 6	175	0	0	6	175	0	100



Picks: 9
Cain Velasquez: -22	200	0	0	-22	200	-91	20
Francis N'Gannou: 48	286	0	0	48	286	91	203

Picks: 9
James Vick: 75	219	0	0	75	219	100	166
Paul Felder: -79	26	0	0	-79	26	-100	-34

Picks: 9
Cynthia Calvillo: -360	-228	0	0	-360	-228	-414	-276
Cortney Casey: 559	889	0	0	559	889	414	552

Picks: 8
Alex Caceres: 503	862	0	0	503	862	364	493
Kron Gracie: -356	-202	0	0	-356	-202	-364	-235

Picks: 8
Bryan Barbarena: 240	458	0	0	240	458	258	356
Vicente Luque: -195	-91	0	0	-195	-91	-258	-161

Picks: 8
Andre Fili: 167	321	0	0	167	321	155	232
Myles Jury: -103	-8	0	0	-103	-8	-155	-77

Picks: 8
Jimmie Rivera: -217	6	0	0	-217	6	-127	-13
Aljamain Sterling: 359	707	0	0	359	707	127	242

Picks: 6
Manny Bermudez: -27	102	0	0	-27	102	-43	36
Benito Lopez: 50	197	0	0	50	197	43	123

Picks: 7
Andrea Lee: -205	-101	0	0	-205	-101	-313	-195
Ashlee Evans-Smith: 337	557	0	0	337	557	313	431

Picks: 7
Scott Holtzman: 51	217	0	0	51	217	38	129
Nik Lentz: -20	132	0	0	-20	132	-38	53

Picks: 4
Jessica Penne: -119	-26	0	0	-119	-26	-161	-83
Jodie Esquibel: 162	323	0	0	162	323	161	240

Picks: 7
Luke Sanders: -163	249	0	0	-163	249	-85	63
Renan Barao: 235	737	0	0	235	737	85	232

Picks: 5
Aleksandra Albu: -217	-61	0	0	-217	-61	-208	-100
Emily Whitmire: 349	631	0	0	349	631	208	316



Picks: 8
Jan Blachowicz: 59	227	0	0	59	227	41	130
Thiago Santos: -14	144	0	0	-14	144	-41	47

Picks: 8
Stefan Struve: 33	178	0	0	33	178	31	113
Marcos Rogerio de Lima: -26	105	0	0	-26	105	-31	51

Picks: 7
Gian Villante: 279	492	0	0	279	492	265	381
Michal Oleksiejczuk: -175	-63	0	0	-175	-63	-265	-149

Picks: 7
Liz Carmouche: 152	313	0	0	152	313	168	233
Lucie Pudilova: -143	-64	0	0	-143	-64	-168	-103

Picks: 8
John Dodson: 592	982	0	0	592	982	329	439
Petr Yan: -407	-245	0	0	-407	-245	-329	-220

Picks: 3
Magomed Ankalaev: -502	-283	0	0	-502	-283	-500	-333
Klidson Farias: 636	1133	0	0	636	1133	500	667

Picks: 2
Carlo Pedersoli: 214	394	0	0	214	394	235	313
Dwight Grant: -181	-98	0	0	-181	-98	-235	-157

Picks: 4
Daniel Teymur: -96	8	0	0	-96	8	-134	-52
Chris Fishgold: 138	298	0	0	138	298	134	217

Picks: 4
Gillian Robertson: -26	130	0	0	-26	130	-49	42
Veronica Macedo: 55	229	0	0	55	229	49	140

Picks: 5
Damir Hadzovic: -153	-41	0	0	-153	-41	-239	-134
Polo Reyes: 213	411	0	0	213	411	239	343

Picks: 3
Michael Prazeres: -152	-84	0	0	-152	-84	-154	-103
Ismail Naurdiev: 78	215	0	0	78	215	154	206

Picks: 4
Rustam Khabilov: 45	177	0	0	45	177	78	136
Diego Ferriera: -89	7	0	0	-89	7	-78	-20

Picks: 2
Damir Ismagulov: -213	-116	0	0	-213	-116	-300	-200
Joel Alvarez: 253	466	0	0	253	466	300	400



Picks: 14
Jon Jones: -813	-611	0	0	-813	-611	-654	-436
Anthony Smith: 1875	2445	0	0	1875	2445	654	872

Picks: 14
Tyron Woodley: -286	-220	0	0	-286	-220	-371	-247
Kamaru Usman: 663	861	0	0	663	861	371	495

Picks: 13
Robbie Lawler: 113	240	0	0	113	240	104	171
Ben Askren: -70	18	0	0	-70	18	-104	-37

Picks: 14
Tecia Torres: 80	209	0	0	80	209	79	154
Weili Zhang: -50	52	0	0	-50	52	-79	-4

Picks: 14
Cody Garbrandt: -264	-173	0	0	-264	-173	-360	-235
Pedro Munhoz: 509	735	0	0	509	735	360	485

Picks: 14
Jeremy Stephens: 49	202	0	0	49	202	45	121
Zabit Magomedsharipov: -33	100	0	0	-33	100	-45	32

Picks: 13
Misha Cirkunov: 466	690	0	0	466	690	197	306
Johnny Walker: -204	-74	0	0	-204	-74	-197	-87

Picks: 9
Alejandro Perez: 174	339	0	0	174	339	169	246
Cody Stamann: -134	-46	0	0	-134	-46	-169	-92

Picks: 13
Diego Sanchez: 437	638	0	0	437	638	162	257
Mickey Gall: -179	-65	0	0	-179	-65	-162	-67

Picks: 7
Charles Byrd: -5	88	0	0	-5	88	4	45
Edmen Shahbazyan: -12	77	0	0	-12	77	-4	37

Picks: 6
Gina Mazany: 136	298	0	0	136	298	169	244
Macy Chiasson: -134	-44	0	0	-134	-44	-169	-94

Picks: 7
Polyana Viana: -89	18	0	0	-89	18	-107	-31
Hannah Cifers: 110	265	0	0	110	265	107	184



Picks: 10
Derrick Lewis: 109	340	0	0	109	340	105	220
Junior Dos Santos: -83	102	0	0	-83	102	-105	10

Picks: 9
Elizeu Zaleski dos Santos: 5	136	0	0	5	136	36	96
Curtis Millender: -43	73	0	0	-43	73	-36	23

Picks: 9
Niko Price: -76	63	0	0	-76	63	-101	-6
Tim Means: 127	308	0	0	127	308	101	197

Picks: 10
Ben Rothwell: 104	258	0	0	104	258	15	96
Blagoy Ivanov: -22	125	0	0	-22	125	-15	67

Picks: 10
Beneil Dariush: -193	-73	0	0	-193	-73	-203	-109
Drew Dober: 268	497	0	0	268	497	203	297

Picks: 9
Omari Akhmedov: -159	-87	0	0	-159	-87	-213	-135
Tim Boetsch: 200	368	0	0	200	368	213	291

Picks: 8
Anthony Rocco Martin: -59	56	0	0	-59	56	-57	15
Sergio Moraes: 72	219	0	0	72	219	57	129

Picks: 9
Yana Kunitskaya: -189	-120	0	0	-189	-120	-296	-197
Marion Reneau: 308	482	0	0	308	482	296	394

Picks: 5
Grant Dawson: -4	137	0	0	-4	137	0	83
Julian Erosa: -2	137	0	0	-2	137	0	83

Picks: 6
Maurice Greene: 145	336	0	0	145	336	126	220
Jeff Hughes: -104	28	0	0	-104	28	-126	-33

Picks: 7
Louis Smolka: -180	-113	0	0	-180	-113	-267	-178
Matt Schnell: 283	452	0	0	283	452	267	356

Picks: 6
Alex Morono: -205	-79	0	0	-205	-79	-271	-158
Zak Ottow: 276	517	0	0	276	517	271	385

Picks: 5
Alex White: -86	12	0	0	-86	12	-101	-41
Dan Moret: 107	252	0	0	107	252	101	161



Picks: 10
Darren Till: -158	-88	0	0	-158	-88	-260	-164
Jorge Masvidal: 297	455	0	0	297	455	260	355

Picks: 10
Leon Edwards: 140	316	0	0	140	316	72	144
Gunnar Nelson: -91	30	0	0	-91	30	-72	-1

Picks: 10
Volcan Oezdemir: 333	572	0	0	333	572	260	364
Dominick Reyes: -216	-103	0	0	-216	-103	-260	-157

Picks: 10
Nathaniel Wood: -165	-73	0	0	-165	-73	-257	-155
Jose Alberto Quinones: 285	469	0	0	285	469	257	358

Picks: 9
Danny Roberts: 82	225	0	0	82	225	87	158
Claudio Henrique Da Silva: -72	33	0	0	-72	33	-87	-16

Picks: 7
Jack Marshman: -135	-81	0	0	-135	-81	-158	-106
John Phillips: 131	263	0	0	131	263	158	211

Picks: 7
Arnold Allen: -236	-124	0	0	-236	-124	-332	-212
Jordan Rinaldi: 357	603	0	0	357	603	332	452

Picks: 8
Marc Diakiese: 178	389	0	0	178	389	167	273
Joe Duffy: -128	12	0	0	-128	12	-167	-62

Picks: 7
Saparbeg Safarov: -58	67	0	0	-58	67	-74	13
Nick Negumereanu: 93	252	0	0	93	252	74	160

Picks: 6
Dan Ige: 24	164	0	0	24	164	2	71
Danny Henry: -8	126	0	0	-8	126	-2	66

Picks: 7
Priscila Cachoeira: 170	353	0	0	170	353	177	257
Molly McCann: -138	-30	0	0	-138	-30	-177	-97

Picks: 5
Nad Narimani: -202	-117	0	0	-202	-117	-276	-184
Mike Grundy: 271	470	0	0	271	470	276	367



Picks: 6
Stephen Thompson: -379	-201	0	0	-379	-201	-326	-200
Anthony Pettis: 602	999	0	0	602	999	326	452

Picks: 6
Curtis Blaydes: -144	-18	0	0	-144	-18	-209	-101
Justin Willis: 200	406	0	0	200	406	209	316

Picks: 5
Jussier Formiga: 198	388	0	0	198	388	201	286
Deiveson Figueiredo: -153	-47	0	0	-153	-47	-201	-116

Picks: 5
Luis Pena: -178	-107	0	0	-178	-107	-220	-147
Steven Peterson: 214	384	0	0	214	384	220	293

Picks: 5
Maycee Barber: -264	-155	0	0	-264	-155	-370	-247
JJ Aldrich: 363	621	0	0	363	621	370	493

Picks: 4
Bobby Moffett: -117	14	0	0	-117	14	-150	-55
Bryce Mitchell: 145	340	0	0	145	340	150	245

Picks: 5
Marlon Vera: -194	-110	0	0	-194	-110	-279	-186
Frankie Saenz: 252	443	0	0	252	443	279	372

Picks: 4
Alexis Davis: -162	-89	0	0	-162	-89	-203	-135
Jennifer Maia: 198	359	0	0	198	359	203	271

Picks: 5
John Makdessi: -70	91	0	0	-70	91	-57	33
Jesus Pinedo: 47	235	0	0	47	235	57	146

Picks: 5
Randa Markos: 87	257	0	0	87	257	70	152
Angela Hill: -62	72	0	0	-62	72	-70	11

Picks: 4
Chris Gutierrez: 51	210	0	0	51	210	52	131
Ryan MacDonald: -30	109	0	0	-30	109	-52	28

Picks: 4
Eric Shelton: 204	367	0	0	204	367	211	281
Jordan Espinosa: -164	-92	0	0	-164	-92	-211	-141



Picks: 9
Edson Barboza: 138	289	0	0	138	289	150	222
Justin Gaethje: -109	-16	0	0	-109	-16	-150	-78

Picks: 9
David Branch: -177	-84	0	0	-177	-84	-272	-168
Jack Hermansson: 298	488	0	0	298	488	272	376

Picks: 9
Josh Emmett: -10	128	0	0	-10	128	-29	46
Michael Johnson: 30	175	0	0	30	175	29	104

Picks: 9
Michelle Waterson: 19	146	0	0	19	146	56	106
Karolina Kowalkiewicz: -70	30	0	0	-70	30	-56	-6

Picks: 8
Paul Craig: 232	443	0	0	232	443	229	332
Kennedy Nzechukwu: -156	-34	0	0	-156	-34	-229	-125

Picks: 7
Sheymon Moraes: 74	219	0	0	74	219	56	132
Sodiq Yusuff: -48	70	0	0	-48	70	-56	20

Picks: 7
Jessica Aguilar: 24	166	0	0	24	166	30	108
Marina Rodriguez: -8	127	0	0	-8	127	-30	47

Picks: 8
Ross Pearson: 316	525	0	0	316	525	312	415
Des Green: -225	-139	0	0	-225	-139	-312	-208

Picks: 6
Kevin Aguilar: -99	-10	0	0	-99	-10	-153	-79
Enrique Barzola: 148	293	0	0	148	293	153	226

Picks: 8
Kevin Holland: -141	-43	0	0	-141	-43	-192	-103
Gerald Meerschaert: 212	390	0	0	212	390	192	281

Picks: 6
Ray Borg: -280	-150	0	0	-280	-150	-327	-211
Casey Kenney: 399	686	0	0	399	686	327	444

Picks: 7
Maryna Moroz: 48	171	0	0	48	171	40	98
Sabina Mazo: -48	45	0	0	-48	45	-40	17

Picks: 7
Alex Perez: -144	-50	0	0	-144	-50	-213	-124
Mark De La Rosa: 226	401	0	0	226	401	213	302

Picks: 3
Test: -1626	-900	-750	-500	-250
Tested: 1986	3600	750	1000	500

Picks: 4
G: 8	228	0	107	66
J: 8	228	0	107	66

